boundary 0.0  0.0  0.0   20.0  20.0  10.0  120 120 120

block    0.0  0.0  0.0   20.0  20.0   0.1  120 120 120
block    0.0  0.0  9.9   20.0  20.0  10.0  120 120 120

block    3.0   3.0   0.1   6.0   6.0   9.9   120 120 120
block    8.0   1.0   0.1  11.0   4.0   9.9   120 120 120
block   12.0   5.0   0.1  15.0   8.0   9.9   120 120 120
block    5.0   9.0   0.1   8.0  12.0   9.9   120 120 120
block   14.0  11.0   0.1  17.0  14.0   9.9   120 120 120

block    2.0  14.0   0.1   5.0  17.0   9.9   120 120 120
block    9.0  13.0   0.1  12.0  16.0   9.9   120 120 120
block   16.0   3.0   0.1  19.0   6.0   9.9   120 120 120
block    7.0  17.0   0.1  10.0  20.0   9.9   120 120 120
block   11.0   8.0   0.1  14.0  11.0   9.9   120 120 120

block    1.0   7.0   0.1   4.0  10.0   9.9   120 120 120
block   17.0  15.0   0.1  20.0  18.0   9.9   120 120 120
block    6.0   5.0   0.1   9.0   8.0   9.9   120 120 120
block   13.0  17.0   0.1  16.0  20.0   9.9   120 120 120
block    4.0  11.0   0.1   7.0  14.0   9.9   120 120 120
